100
1
0.00
31.62
89.44
164.32
252.98
353.55
464.76
585.66
715.54
853.81
1000.00
1153.69
1314.53
1482.23
1656.50
1837.12
2023.86
2216.53
2414.95
2618.97
2828.43
3043.19
3263.13
3488.12
3718.06
3952.85
4192.37
4436.55
4685.30
4938.52
5196.15
5458.11
5724.33
5994.75
6269.29
6547.90
6830.52
7117.09
7407.56
7701.88
8000.00
8301.87
8607.44
8916.67
9229.52
9545.94
9865.90
10189.36
10516.27
10846.61
11180.34
11517.42
11857.82
12201.52
12548.47
12898.64
13252.02
13608.56
13968.25
14331.05
14696.94
15065.89
15437.88
15812.88
16190.86
16571.81
16955.71
17342.52
17732.23
18124.82
18520.26
18918.54
19319.63
19723.51
20130.18
20539.60
20951.75
21366.63
21784.21
22204.48
22627.42
23053.00
23481.23
23912.07
24345.51
24781.54
25220.15
25661.31
26105.02
26551.25
27000.00
27451.25
27904.98
28361.19
28819.85
29280.97
29744.51
30210.48
30678.85
31149.62
31622.78
