37 1 1497140795
46 40 1434617913
39 16 1203739240
28 27 825897019
58 14 605381064
27 51 58277669
44 46 979316506
19 58 1084081755
18 47 428160947
38 10 997520059
38 39 345025212
5 25 920481172
38 56 1135558388
11 24 1525292496
30 15 454449402
47 42 747548194
16 26 26402652
2 37 1579358051
10 55 1930735258
57 25 1192467720
16 3 1442225619
29 0 302076536
13 31 1160112713
22 42 670189089
50 4 909357924
32 51 1285437606
58 8 1133712264
11 2 344246933
22 12 1830931609
12 1 522234606
5 18 463374662
36 39 1004008922
33 44 1431271653
26 58 801418447
27 48 2087829972
52 13 1600919995
50 3 1546449835
15 14 756252350
8 28 314409294
49 33 649081616
56 38 610305726
50 14 543106837
52 47 1367966121
18 5 2072958320
25 33 2035892280
29 17 1711217405
17 7 1846481889
4 22 320604735
54 23 860427644
49 4 1101718577
45 52 89461607
43 42 1413366001
20 35 1080541001
33 45 251099318
53 10 1742713691
46 32 22291100
43 49 670236448
44 53 525294702
0 40 2079196445
36 29 720422342
53 6 1266174294
40 49 2032343317
33 1 1875454684
14 34 79296401
53 20 1740254211
56 6 356223495
17 41 1823091544
37 18 1244857250
19 10 1525256610
17 46 831215271
19 39 1959298497
5 11 1224844718
34 44 1318444419
30 51 1460580073
11 36 1576726353
3 24 1555291891
10 33 960010445
15 10 1637363903
57 30 1760473353
19 39 42282791
10 58 1879478090
59 55 919069913
29 30 721907909
8 0 221049432
13 12 1815077448
39 7 804254705
10 17 1505839598
7 24 295101281
22 21 1992301751
55 32 86702862
6 42 1741177900
48 33 1779450215
33 2 86379477
3 10 684904018
15 16 1506836590
56 55 2144947757
1 57 807977366
31 5 1466500611
12 27 1070407444
15 15 1144954477
57 13 373873331
29 54 716462505
57 27 1250083067
54 30 1145695790
52 38 1863880746
54 34 686396993
3 27 1316020070
30 50 417793127
13 55 1776563715
17 10 710354242
46 0 1556414795
58 29 1899256169
43 18 510464629
22 13 259431731
4 57 1367206909
10 52 1353900315
55 55 1023766654
46 17 1882645525
25 22 2078154560
40 40 1455111862
54 18 100220294
30 16 1902141404
51 51 50390814
32 6 1073798947
44 10 1362302525
33 13 275254489
41 8 2105086244
15 46 1217324214
32 12 1225952656
44 44 1053895368
59 39 1846106827
13 1 1828976715
49 44 1718967539
44 17 618678717
51 1 1821289687
48 26 748230252
37 59 233381053
14 7 1592762159
0 39 949199403
16 16 79256500
57 7 1840771339
56 20 1347707772
11 2 499321968
2 46 1953562205
51 29 1674892918
59 18 1030521017
3 47 1374346816
16 53 1582653323
8 53 1390602415
11 2 728865003
51 59 1052552950
2 55 314402902
6 58 416556264
55 53 1409403850
52 44 71777312
43 35 2060946470
0 39 1209714869
8 47 1770652403
32 55 666115988
19 7 1269541930
22 50 339858301
24 53 1870655576
46 51 1248459527
11 46 192237692
13 39 1468152436
45 22 455042504
27 14 48621795
57 22 482271362
12 46 1201269718
12 5 1007332617
23 19 2127200207
24 43 2106676532
13 22 145985716
52 25 1039417022
24 38 298081713
32 24 1744356355
16 43 2113794669
31 32 633259824
34 44 1032888790
24 57 408316688
21 12 1635892167
0 28 1473200883
25 41 234645737
41 25 484266642
35 49 1483983800
9 22 1158090876
4 38 1567534340
6 2 1774545412
22 36 1402292849
32 0 1116892638
40 13 40403062
0 13 660166070
55 38 551869944
12 11 963974209
54 47 2088716559
6 56 1099282133
43 52 598197083
55 50 634083205
39 12 1689211861
0 37 669885473
18 9 730920306
40 1 1852032920
31 56 1844932550
47 0 855604914
36 54 2070950681
7 53 1494084269
52 28 869362033
16 23 163094996
41 54 8542980
35 55 1438594777
28 5 566599779
27 46 1175933800
39 9 444830429
29 48 755419049
15 24 444482656
48 24 996005049
17 16 1420593457
23 24 1138298572
19 6 1923665806
19 33 884020713
49 53 1283739579
28 20 1015741817
8 59 740193498
29 21 1008964566
59 36 638545582
15 17 1717653106
16 26 1050601975
53 49 1383072919
37 8 1201665497
15 20 48107922
49 9 739769316
20 37 1860086336
37 37 966124608
47 59 2050300329
53 58 1673251117
15 5 1905927654
54 21 2094930561
41 6 962138222
0 43 818129283
10 58 1671446723
52 39 665718024
28 59 515026613
17 28 247822642
57 15 308936541
6 0 1453787359
35 8 1979374104
22 2 734218177
35 43 1286396683
29 35 479240898
32 37 236416629
47 30 1441944588
11 50 1084597060
4 7 180115860
27 4 1616178136
40 2 2106781156
0 30 142986856
16 44 1737415638
54 19 1498218533
29 48 808468461
48 13 869830918
57 0 1730413828
37 4 1982502859
9 8 1338700698
10 27 765131955
26 8 164613309
34 0 1210395879
51 8 1513440023
1 54 1021192654
47 24 695791995
8 4 1355367328
58 53 376398080
19 22 572085924
38 32 309973825
48 42 1985368072
3 0 1612237912
5 26 644370704
44 9 1061140553
0 11 1449281987
34 50 947708043
41 50 35659619
9 48 1097036992
30 7 1278817455
46 37 1665598067
11 18 290011041
56 13 915718161
40 18 1354533287
25 3 1749443277
18 55 1690380120
57 21 528078702
1 3 1218491132
0 12 336481032
45 34 1759945880
52 13 1028937589
39 24 1629640507
0 20 32219293
13 1 696254551
52 26 537174866
49 36 1068420261
41 25 1163699743
23 18 1518805306
47 11 1341620630
0 56 1008543797
12 48 1091660730
1 19 1900945254
1 11 1126798147
14 24 381457320
45 16 309293478
4 58 1971447174
25 31 374749451
0 47 761875650
46 34 1021001741
29 26 101681069
38 38 1430214737
8 32 229749868
54 25 1085264799
1 39 617510395
53 16 181019943
11 20 1525236721
57 38 2045573553
9 38 122625492
39 17 1269850966
12 38 1528763713
41 16 511825963
58 16 1395458955
18 10 1514335900
57 4 900676091
52 57 250734080
55 1 101684732
49 58 1521948310
14 7 1380257261
26 38 1195416890
4 50 161564180
17 23 1434726576
53 21 1811597512
8 31 1045638594
41 28 263647970
52 12 1994566608
4 0 105237041
37 41 862073739
47 55 344858859
20 13 1462951697
2 17 942386700
22 27 1032328583
58 20 1015508437
42 20 1121676128
29 53 288612809
19 38 1281312521
59 42 2133311561
40 19 74879354
20 59 1446556749
59 19 2076001942
8 22 1085582252
8 44 4061391
24 35 1490748971
1 9 498653003
1 38 689593037
30 58 816761515
4 57 1130892517
37 38 1733670777
52 50 1999560956
1 41 1161336667
16 49 414414801
40 50 2067843186
31 6 1113897453
42 7 1511658762
57 0 11798413
14 31 1172931671
9 35 547174200
39 4 387246690
28 56 1555222880
16 58 100994333
23 6 1782480043
45 38 1099615765
43 9 1232213731
8 43 1048298730
42 40 1669546890
55 55 1237087373
6 56 1032232700
7 27 1040810785
29 55 1337700981
50 11 1221976391
43 27 622155309
18 4 623819987
35 39 1231031816
6 47 1787056119
28 29 643062252
51 25 636126899
44 23 435527927
57 22 1172157855
22 52 284720162
35 34 1920259454
47 9 797661453
48 28 1626308257
36 55 31592108
32 2 1422377755
4 22 867873016
8 13 527359953
7 58 1573770237
54 55 259310771
1 9 1266195543
4 44 1854680137
10 23 2125758887
43 12 1714428187
12 48 1720303802
20 12 1228115816
15 8 1286162959
23 16 1416508472
57 23 708756082
46 10 195138489
57 11 916466478
53 15 2062957383
30 25 561620298
9 0 1329577830
8 12 695682670
3 32 2038450283
51 39 702485843
10 55 1625818900
35 52 1149609055
57 38 1856867885
7 27 624785949
17 20 2033050704
12 43 1559470662
31 44 1707274
1 53 1133552447
4 48 691630991
19 39 98320663
42 42 221494478
14 17 1588512390
10 14 1478177340
7 13 149800099
8 31 1017059860
33 43 1639669463
7 6 1995904147
41 0 1652708452
20 4 182902532
32 23 962085852
15 57 981454074
53 12 1657515671
15 14 1551543077
7 13 858674783
26 22 495377266
6 47 377124261
21 46 1065536068
21 27 1742706868
5 40 956835684
38 12 746372799
50 19 1813804056
36 4 1489981060
47 19 924512866
56 26 1974267360
11 52 969063194
57 51 2089434721
19 4 452401659
47 25 354638578
7 31 782214278
23 9 279276102
2 51 1091628361
30 27 1293281885
3 6 325265416
49 54 1813239942
41 6 1612038267
55 3 738720250
48 22 832955354
19 1 1743164080
18 0 827087583
56 23 415112044
39 17 1469323315
32 48 676208174
38 51 1840765940
54 32 72088746
29 14 523818672
48 1 1543849336
58 42 1361821350
4 1 1043270784
36 19 183420856
39 8 1886590900
43 39 456702769
30 11 2002527817
44 41 1571596160
56 28 88420665
3 57 1674752339
15 37 857203432
23 27 1872692314
46 31 878653348
10 8 377208759
26 39 1150572827
58 15 1330538006
48 45 2008732658
17 22 183471371
30 18 474986859
15 13 401551768
6 21 1575204365
58 44 439697604
25 30 2122954136
45 32 1925687096
24 51 674984067
12 41 933440742
30 29 2022896788
0 39 324593082
12 1 1974262860
