41 32 1685911053
21 41 368466947
41 34 1875158290
31 44 1754757345
24 11 1328527233
29 7 816714066
44 59 398953989
53 22 565179059
35 37 726570622
7 57 1941249207
32 38 939588052
5 59 58229605
52 32 311971319
54 56 594156703
31 12 1639078854
57 41 2017506362
3 17 517117493
13 11 1854451155
4 38 208171244
26 46 724176461
46 18 1527122239
38 15 1478812270
3 59 1027801655
3 46 189223583
38 9 455100755
25 6 1849858036
27 2 510371066
12 7 42977069
20 11 313083367
4 37 2125036133
46 15 1881881463
57 53 1269530410
8 49 656449922
35 44 1917798288
58 14 365881909
33 39 1624195316
41 58 67001630
7 11 388222137
36 31 1005552248
44 35 498078937
29 13 807051413
25 11 724574078
27 11 308876539
29 46 2019413763
9 36 7891510
59 9 208355929
47 42 343346088
37 42 929979479
34 18 1675223610
34 54 639766077
11 16 695266991
4 33 1221364942
35 0 1549388553
54 22 559655831
50 23 588874007
0 14 2092143836
49 1 476872410
37 30 548398092
36 4 202214303
58 30 1898888057
48 42 1321004545
59 38 350445230
21 13 256740523
46 8 1696340345
57 50 144592040
36 50 262344815
24 39 1526310336
54 9 1856006587
7 37 1639655703
30 36 1882809934
39 24 936064568
57 15 1753954666
47 28 766087012
30 14 428821792
27 3 614089122
48 39 1329780512
23 3 636768243
51 49 1025882052
50 56 1279617770
54 18 925715358
20 50 603940894
20 47 1009561369
6 34 1216458077
50 57 626535923
42 24 1946934386
24 12 1471560177
48 27 1292557132
52 19 1886797661
56 9 1655196210
46 55 799967080
56 7 1219998330
30 27 2088810857
19 26 1609366244
28 16 38405013
51 59 1219751157
9 15 1003029422
58 56 1798068269
42 48 836210740
24 36 2120947070
46 23 849482017
18 19 1052109165
49 42 1517409432
58 53 1851853838
34 22 674045747
7 5 560290598
5 7 2124677513
59 5 254536061
20 48 2029085429
1 4 2031756726
43 42 1542167721
20 0 1486033772
57 41 319812126
2 40 1200547800
32 14 1049731574
19 14 493899371
57 11 1479985578
43 10 1184583076
24 30 900248996
46 23 366297352
44 6 1237924354
57 19 20129786
21 8 80395628
28 10 1360049088
28 43 1173489114
34 2 1706604368
45 52 2031662359
56 27 1004208861
12 51 422312144
0 29 1122182947
52 5 929801046
26 2 694648457
52 24 1468834345
0 52 474800848
40 12 1711885451
27 46 1559166605
35 23 576934909
47 19 889867876
0 31 605017920
44 23 1751470469
44 15 2066014955
50 33 943335449
7 18 2016949373
24 18 1311701557
52 51 28139801
55 18 1363479327
53 45 1516652211
42 24 1967644030
59 25 1753554214
51 1 1774631757
20 45 249690365
47 35 564138038
9 34 590620916
54 59 409534627
32 43 1380928258
13 39 383323628
33 24 1270808753
16 6 1780078698
18 57 767858675
44 48 803944476
42 1 863035402
47 40 1874932497
17 49 239316924
14 36 1719990323
21 0 349302598
11 5 2134106497
19 38 43634033
4 54 1097271060
22 5 1889918157
49 49 879109598
26 31 1963799499
40 10 767551871
37 20 381185813
53 34 674167049
16 47 810713489
7 58 818964934
36 9 2062400713
30 13 1762705739
30 28 1887524044
19 17 2042926194
57 35 1856060297
28 15 1576616720
32 45 1768733500
25 38 875547906
54 55 1454078213
23 2 590285383
49 38 814976692
54 0 1251477245
46 30 1532382093
42 50 278066263
36 39 439957878
46 0 733608694
58 32 886467559
30 57 1137851397
36 43 1060266884
21 58 1003016618
4 47 952723449
48 34 953021409
53 20 2101181560
19 2 1992154762
2 31 1505050613
20 17 456184965
46 7 1760593337
5 37 1504494246
55 5 362054741
39 18 1291471959
18 22 816743539
19 2 1000270193
28 55 1457274013
0 6 1927795395
14 8 159793238
0 21 156811487
45 7 1347983214
55 5 1207074623
53 0 609633620
35 39 1009738418
14 49 850190752
25 0 945967314
18 29 401061702
23 21 747856008
31 28 116932849
9 20 1095733750
57 5 122900109
43 52 232383134
7 46 414550574
19 21 1729669314
58 27 885788675
50 45 983115756
37 55 827188317
19 19 371704270
7 42 1608818378
56 51 1748613958
58 40 1247275976
8 24 1865397768
22 23 812506286
37 42 598139919
23 40 366286979
50 23 933691004
26 0 1153138539
23 11 334419950
26 10 405330632
4 59 1525663824
55 57 1704747364
43 57 143080820
23 20 195222463
50 49 323322266
29 4 1537118646
28 54 391835061
4 21 2128406121
44 36 705442584
26 2 1165767755
59 59 1478830834
23 54 592881923
19 29 778304781
40 52 119998893
23 42 1179998482
41 4 1393005566
48 24 1644808820
9 29 771040353
23 5 1746372130
39 31 647541124
14 30 1230849363
40 45 949943509
4 57 1052099538
17 37 1255231571
50 52 224362245
12 34 705115129
30 14 916293554
42 15 1791588523
16 30 189171280
18 10 738429071
22 16 1697208882
18 57 296207239
7 53 387655156
18 10 2114633453
29 0 1377397298
14 4 646752604
56 34 1459818018
10 16 2060944953
45 24 283572236
25 42 1128109746
36 57 1465357942
10 15 626664011
30 22 1352393524
46 40 125883966
32 1 1362101526
2 8 1946077390
6 4 1123333476
16 6 538678605
41 51 963153129
37 16 1995645532
35 44 2136213289
58 47 468222116
1 17 89099170
6 55 2050943991
12 19 1166537204
11 13 1955208352
13 11 827105268
50 27 846005154
27 1 1656012885
36 38 1298816093
20 14 512843850
1 4 995305037
57 5 894923246
8 3 599353633
51 8 75746005
27 19 701497658
12 24 975877550
0 14 211220049
55 33 468470110
32 10 2031199969
18 22 1732552075
48 24 1037884371
57 13 573860868
23 13 1692875092
36 4 225843712
1 32 1829835551
32 36 2008477055
22 36 1885101702
31 23 1998388095
42 48 1164005717
23 6 1377600100
10 46 480417236
53 43 1088162889
41 6 1142452583
25 34 546746659
17 28 467582323
20 0 712684279
48 22 2109157796
30 45 1208040731
37 19 1812829619
47 42 927373257
19 44 1211999143
15 37 1514528666
24 19 582401424
39 44 1162454699
59 54 1182950847
42 14 1345387527
54 2 478158641
42 24 939967886
53 54 1051801726
45 41 697376480
42 0 1609244225
18 15 530322034
36 31 181954425
1 11 109532842
0 2 538900996
19 44 1152410790
38 30 1811055633
19 12 104969929
45 6 180025423
23 43 1052744184
44 17 1953242664
41 35 1214454451
15 12 2072026083
1 5 1373442846
23 57 1812935048
31 16 1710601364
1 54 1779126075
26 5 1980183327
16 42 1374330205
59 6 1774396328
16 50 1960271306
40 23 996470633
4 38 397522977
59 31 745829762
57 46 1056362039
5 17 364587007
41 11 15892193
48 37 488436238
8 53 574703381
25 45 1326495347
34 1 1293704969
52 33 2085576472
37 37 2084948242
35 28 1473774706
37 25 361588704
29 22 1434774882
36 56 1550776733
30 44 373166242
28 44 154396988
1 10 1074494393
48 36 2038718994
9 20 705346159
53 57 436313989
8 32 1156164917
54 2 2090858143
10 23 758361417
52 59 1016759753
37 21 350211930
0 42 738901274
8 43 1409674344
53 32 1989443820
39 41 143513712
58 27 1163321950
47 35 1151424214
57 21 853650268
32 31 1326362151
29 16 786663223
15 53 1397929324
45 45 1501113046
59 53 1670917770
16 46 1086355194
8 17 1041130287
21 16 1473335874
31 55 172952901
57 52 761239722
26 24 1452301394
9 46 1533429150
52 1 407916075
49 46 596412061
35 45 105830446
57 1 10665625
43 2 202152942
11 23 1385638558
57 54 1849952814
19 43 603776978
1 9 1885452843
7 11 10890881
29 3 291818142
45 52 930962908
46 20 519742805
32 9 467832179
57 53 617191201
40 56 1111333584
30 45 966097630
16 4 1332907553
55 58 917929975
50 5 1047527046
31 27 360878341
13 12 255913186
33 50 86260978
38 14 1522839487
37 12 1357036612
38 44 629982640
54 6 815013446
4 23 2085081930
50 10 906460520
45 0 878934258
43 23 1388448645
44 28 695436109
30 1 1543792359
28 39 1891864193
28 9 1750317237
12 47 1321304433
53 34 1990464340
19 30 1312782475
41 20 2039519465
54 57 1761160857
12 40 488597532
49 17 661131280
38 47 1062241361
9 8 64186932
54 28 282283821
52 40 186239581
17 33 887387795
49 44 1204342445
36 26 322527438
41 20 1307356395
30 24 911389068
34 13 1642987445
14 51 1610581064
55 52 900430904
8 46 1035376452
21 30 1224970673
22 48 2099196206
57 29 178099203
55 6 1841728889
13 39 1554094841
28 10 194131317
8 44 1297770610
5 51 1265481533
50 38 1641056445
26 46 21392243
39 8 304289814
24 22 1663569942
42 20 1794729671
45 15 2010551477
6 28 55587529
47 48 1985965979
44 57 1847833415
46 2 302321118
31 44 559154097
16 11 535035635
40 42 512249555
26 6 677035438
8 48 1916781078
11 26 1140861625
21 32 819288165
10 12 111933445
1 48 2077670182
28 35 1917034877
47 6 1240608593
44 15 948822236
11 47 2077052258
47 13 1555302036
45 13 1482767777
55 16 2037548683
12 29 766406347
57 39 1370919259
22 32 1897735088
